l 0.000000 0.000000 0.000000 1.000000 1.000000 1.000000
l 1.000000 2.000000 3.000000 1.000000 1.000000 1.000000
l 3.000000 2.000000 1.000000 0.600000 0.900000 0.100000
l 4.000000 5.000000 6.000000 1.000000 1.000000 1.000000
l 7.000000 8.000000 9.000000 0.200000 0.700000 0.800000
vec3(7.000000, 8.000000, 9.000000)
vec3(0.200000, 0.700000, 0.800000)
s 0.000000 0.000000 0.000000 1.000000
s 2.000000 4.000000 6.000000 5.000000
s 4.500000 6.700000 8.900000 11.300000
vec3(4.500000, 6.700000, 8.900000)
11.3
