l 0.000000 0.000000 0.000000 1.000000 1.000000 1.000000
l 1.000000 2.000000 3.000000 1.000000 1.000000 1.000000
l 3.000000 2.000000 1.000000 0.600000 0.900000 0.100000
l 4.000000 5.000000 6.000000 1.000000 1.000000 1.000000
l 7.000000 8.000000 9.000000 0.200000 0.700000 0.800000
vec3(7.000000, 8.000000, 9.000000)
vec3(0.200000, 0.700000, 0.800000)
s 0.000000 0.000000 0.000000 1.000000
s 2.000000 4.000000 6.000000 5.000000
s 4.500000 6.700000 8.900000 11.300000
vec3(4.500000, 6.700000, 8.900000)
11.3
v
from 0.000000 0.000000 0.000000
at 0.000000 0.000000 -1.000000
up 0.000000 1.000000 0.000000
angle 90.000000
hither 0.100000
resolution 640 480
v
from 1.000000 2.000000 3.000000
at 4.000000 5.000000 6.000000
up 0.000000 1.000000 0.000000
angle 45.000000
hither 0.200000
resolution 800 600
vec3(9.000000, 8.000000, 7.000000)
vec3(2.000000, 4.000000, 6.000000)
vec3(0.000000, -1.000000, 0.000000)
65.7
2.3
ivec2(1024, 768)
v
from 9.000000 8.000000 7.000000
at 2.000000 4.000000 6.000000
up 0.000000 -1.000000 0.000000
angle 65.699997
hither 2.300000
resolution 1024 768
v
from 3.000000 2.000000 1.000000
at 6.000000 5.000000 4.000000
up 1.000000 1.000000 0.000000
angle 76.500000
hither 0.230000
resolution 1000 2000
